# command_history: mrinfo /projects/dhcp-pipeline-data/kcl/diffusion/ShardRecon04/sub-CC01269XX16/ses-175631/premc.mif.gz -export_grad_mrtrix grad.txt -force  (version=3.0.1)
0.01986599705 0.4115229389 0.9111828647 0 1
-0.3853518521 -0.3056368827 0.8706836659 2600 2
-0.7870216831 0.3982788396 0.4711378103 1000 3
0.2281029603 0.890624845 0.3933909315 400 4
0.5045620528 0.7711150807 0.3883280406 2600 1
0.1953769085 0.7474766501 -0.6349067028 1000 2
0.8613325915 -0.4791827728 0.16878992 2600 3
0.6707899411 0.1205169894 -0.7317899358 400 4
0.2766531219 -0.5129072261 -0.8126433582 2600 1
-0.7178580488 -0.3286810223 -0.6137170417 1000 2
0.1129609774 0.9208098155 -0.3732949252 2600 3
-0.782310318 0.3039901236 -0.543673221 400 4
0.0902670129 0.8878281269 0.4512350645 1000 1
-0.8869414655 -0.3957432077 0.238164125 2600 2
0.4653357927 -0.8222416337 0.327690854 1000 3
-0.5309621023 -0.1465950282 -0.8346191608 2600 4
0.1141299571 -0.9275786517 0.3557698664 400 1
0.3938450527 -0.4309040577 0.8119161087 2600 2
0.8087673948 0.4278762089 -0.403506197 1000 3
-0.2733549762 -0.8744019239 0.4008719651 0 4
0.505023203 -0.8085013249 -0.3021211214 2600 1
0.08943796606 -0.003672998606 0.995985622 400 2
0.05188102571 0.2242031111 -0.9731604822 1000 3
-0.7209573289 0.3264081489 0.6112922789 2600 4
-0.1001850339 -0.9607143255 -0.2588260877 2600 1
-0.7320599344 0.5101979543 0.4514269596 400 2
0.1389160081 -0.5199940302 -0.8427980489 1000 3
0.9818605803 0.1237459471 0.1436549386 2600 4
0.9440726677 -0.1693609404 0.2829199004 1000 1
-0.4512901238 0.703997193 -0.5483841504 2600 2
-0.8799349691 -0.4716949835 -0.05672999801 400 3
-0.01789700367 -0.03344800686 0.999280205 2600 4
0.4441228524 0.8924267033 0.07955797355 1000 1
0.9607852769 0.2753590794 -0.03269600942 0 2
0.6503579494 0.6656799483 -0.3659299716 2600 3
0.5481129232 0.6858979039 -0.478660933 400 4
-0.5423562176 0.4478361797 -0.7108392852 1000 1
-0.3264610302 -0.6258980579 -0.7082900655 2600 2
0.7579796092 0.1505789224 -0.6346596728 2600 3
-0.6166108948 0.7680508689 0.1728839705 1000 4
0.2651290014 -0.4080890021 -0.8735960045 400 1
-0.2507689406 0.9680367706 -0.004443998947 2600 2
-0.4803581122 0.1581770369 0.8626912014 1000 3
-0.8515448551 -0.003669999376 -0.5242689108 2600 4
0.9777216101 -0.2071689174 0.03378598653 400 1
-0.8134739962 0.5443609974 0.204770999 2600 2
0.4763030144 -0.03121300094 0.8787270265 1000 3
-0.6784010255 0.6279270236 -0.3814180143 0 4
-0.1406360174 -0.6815870845 0.718095089 2600 1
-0.5398472307 -0.5632422407 -0.6255582673 400 2
-0.5244612494 -0.3657451739 0.7688763656 1000 3
0.6801381309 0.4567190879 0.5734281103 2600 4
0.9308931551 0.3563860594 0.08016801336 1000 1
0.4095142382 0.9090535288 -0.07694004476 2600 2
0.7009824663 -0.7007494661 0.1325660882 400 3
0.4453440677 -0.1475680224 -0.8831151342 2600 4
0.04599000385 -0.9988200837 0.01560000131 1000 1
0.9756389521 -0.2047959899 -0.07865899614 2600 2
-0.284594016 0.2760160155 -0.9180530515 400 3
0.9660396953 -0.0215569932 -0.2574929188 1000 4
0.1269129788 0.3314669448 0.9348918442 2600 1
0.5283311423 -0.4847361306 -0.6970631878 0 2
-0.7158408689 0.3864079293 -0.5816018935 2600 3
-0.505278897 -0.5162568947 -0.691499859 1000 4
0.2513869829 -0.9144859376 -0.3170489784 400 1
0.8100597336 0.5444898209 0.2175639284 2600 2
-0.6690409294 -0.7426729217 0.02865599698 1000 3
0.08485999494 -0.805930952 -0.5858959651 2600 4
0.2869430797 -0.5691321581 0.770553214 400 1
0.626792202 -0.7745022496 0.0853100275 2600 2
-0.449219985 0.7711429743 0.451153985 1000 3
-0.3767489481 -0.6589559092 0.6510279102 2600 4
0.3737061186 0.9227002929 0.09469903007 400 1
0.1307080079 -0.4191500255 0.8984590546 1000 2
-0.8855250585 -0.03721100246 0.4630990306 2600 3
-0.1677979607 0.09633897744 -0.9811027703 0 4
-0.1928600253 0.1413550185 -0.9709911273 2600 1
-0.7631789621 0.643564968 -0.05815499711 1000 2
0.7757397103 0.4068038481 -0.4824298198 400 3
-0.2248150323 0.7799931122 -0.584011084 2600 4
0.2609328818 0.8834285997 -0.3891888236 1000 1
0.03068699123 -0.9812947196 0.1900499457 2600 2
-0.7529658053 -0.3438519111 -0.5610778549 400 3
-0.4915669033 0.7078118607 0.5073109002 2600 4
-0.2747089011 -0.150123946 -0.9497356582 1000 1
-0.02029399394 -0.5162528459 0.8561957445 2600 2
-0.03523399682 0.7788989298 -0.6261589436 400 3
-0.8313477733 0.1765979518 -0.5269478563 1000 4
-0.606909006 -0.7943980079 0.02435700024 2600 1
-0.2644490448 -0.7314371238 -0.6285431064 1000 2
0.7098950704 0.05603200556 0.7020750696 2600 3
-0.3041131065 -0.4350501524 0.8474942969 400 4
-0.9958845794 -0.03463398537 0.08375196463 2600 1
-0.8774859138 -0.1399769862 0.4587209549 1000 2
-0.6847649685 -0.7265479666 -0.05678899739 0 3
0.6957570737 0.3764190399 -0.6117440648 2600 4
0.7575228688 -0.2045569646 -0.6199318926 400 1
0.2249109449 -0.9269677729 0.3002429264 1000 2
-0.08929501317 0.6432360949 0.7604431122 2600 3
-0.9333610488 0.2805330147 -0.2239160117 2600 4
-0.6857436876 0.6998996811 0.199739909 400 1
0.4022311375 -0.4199861436 -0.8135242782 1000 2
-0.5522390009 0.7655340012 -0.3301360005 2600 3
-0.9880231978 0.1538090308 -0.01236700248 1000 4
-0.4886879781 0.3750939832 0.7877109647 2600 1
0.008410998615 0.5972059017 0.8020438679 400 2
-0.8253520843 -0.4019110411 -0.3965620405 2600 3
0.05545699677 0.3343189805 0.9408269452 1000 4
-0.7219533856 0.6656743555 0.1888411009 0 1
0.1195570459 0.8715563345 0.4754951825 2600 2
0.9386287364 -0.09551797318 0.3314399069 400 3
-0.7992986404 -0.5759797409 -0.1713739229 1000 4
-0.499376 -0.442053 -0.745126 2600 1
-0.2434331245 0.07221603695 0.9672254948 2600 2
0.7157161496 -0.01240300259 -0.6982811459 1000 3
-0.9752559723 0.00316799991 0.2210559937 400 4
0.4588318802 0.7597528016 -0.4607048797 2600 1
-0.3103511165 0.5793112174 -0.7537112829 1000 2
0.5792291505 -0.304042079 0.7563411965 2600 3
0.5843567896 0.2200129208 0.7811027187 400 4
-0.6756382686 -0.6678292655 0.3122771241 1000 1
0.6328930278 -0.5212500229 -0.5724900252 2600 2
-0.466095906 -0.01397499718 0.8846238217 0 3
-0.8831742317 -0.468766123 0.01617400424 2600 4
-0.6454509261 0.620021929 -0.4460559489 400 1
0.3781629073 -0.9003217794 -0.2154379472 1000 2
-0.2595719729 -0.9612958995 -0.09237199034 2600 3
0.2708149768 0.02537499783 -0.9622969177 1000 4
-0.8635043067 0.2119980753 0.4576211625 2600 1
-0.2289339165 -0.8779096799 0.4205518467 400 2
-0.3713899455 -0.003370999505 -0.9284708637 2600 3
0.8579629747 -0.4272689874 0.2852029916 1000 4
0.1134919872 -0.9036318981 0.4129999534 2600 1
0.2862649523 -0.6785728868 -0.6764548872 400 2
0.3478791104 0.8686302757 0.352791112 1000 3
-0.3165018885 0.9186356764 0.2365059167 2600 4
-0.7890064454 -0.3033787868 -0.5342566245 0 1
0.4967718085 0.4607018224 -0.7355077165 2600 2
0.05848603707 -0.6759484285 0.7346244657 1000 3
-0.6602530195 -0.7485310221 -0.06137800182 400 4
0.8615908647 -0.2284599641 0.4532849288 2600 1
0.8683208368 0.3452499351 0.3561199331 1000 2
0.06091998421 -0.2047019469 -0.9769267467 2600 3
0.2151330263 -0.1012670124 -0.9713201188 400 4
-0.442021024 0.883042048 -0.1576520086 2600 1
-0.03301500245 0.7444530552 0.6668580495 1000 2
0.647623008 0.7323580091 0.2103240026 2600 3
-0.4672780355 0.8804720669 0.08012600609 400 4
0.3708419985 0.5765089977 -0.7280889971 1000 1
-0.02685800868 0.2772050896 -0.9604353105 2600 2
-0.2475549326 0.6719948172 -0.6979538101 0 3
-0.6185330207 -0.02111600071 0.7854750262 2600 4
0.5307178264 0.2418669209 0.8123047343 1000 1
0.03035800646 0.9836472092 0.1775290378 400 2
0.9082801616 -0.3286240585 -0.2589080461 2600 3
-0.2493300144 -0.9636490558 0.09599500556 1000 4
-0.0981149961 0.6599279738 -0.7448949704 2600 1
-0.9890448337 -0.1353319772 -0.05895399008 400 2
-0.7708039272 -0.4831979543 0.4151879608 2600 3
0.558684897 -0.5401059005 -0.629409884 1000 4
0.7255328454 -0.6408548635 0.2508129466 2600 1
0.7957342537 0.01657100528 0.605419193 400 2
0.8173534043 -0.541711268 -0.196169097 1000 3
0.1101199773 0.5567408854 0.8233548306 2600 4
-0.8640349289 -0.09633899207 -0.4941279594 1000 1
-0.9152416376 -0.1809759283 -0.3599728575 2600 2
-0.07288301145 -0.2489150391 0.9657791517 400 3
0.9482497322 0.1651619534 -0.2711899234 2600 4
0.2794479467 -0.7829238505 0.5558228939 1000 1
-0.2772489548 0.9518198448 -0.1310419786 0 2
0.3048070588 -0.8368281615 -0.4547650878 2600 3
-0.3293089383 -0.42736092 -0.8419728423 400 4
0.2067880736 -0.123716044 0.9705323452 1000 1
-0.3387588956 -0.8869047266 0.3140739032 2600 2
0.5182619272 0.6271379119 0.5814659183 2600 3
-0.5407802494 0.470613217 0.6971943215 400 4
-0.5528510293 0.8296070439 -0.07815300414 1000 1
-0.3517221633 -0.2429451128 -0.9040294199 2600 2
0.11015006 -0.9638945253 -0.2424341321 1000 3
0.6590849166 -0.7372919067 -0.1483499812 2600 4
-0.5778610653 0.1380540156 -0.8043740908 400 1
-0.4681832449 -0.8695054548 -0.1573680823 2600 2
0.4611619838 0.7374809742 -0.4934079827 1000 3
0.4037942377 0.6585623877 0.6350163739 0 4
0.03643501115 0.9991753058 0.01792200548 2600 1
0.7486771757 0.6238271464 -0.2243260527 400 2
-0.6476290116 0.2059740037 -0.7335880132 1000 3
0.16990202 0.3643000429 -0.9156521077 2600 4
-0.539566879 0.5232018827 -0.6596418521 2600 1
-0.9938021796 -0.1097350198 0.01776100321 1000 2
-0.1922289638 0.9801328154 -0.0488639908 400 3
0.3258569679 0.7785379233 0.5363729472 2600 4
0.8555390812 -0.1381440131 -0.4989680473 1000 1
0.9446445336 -0.05060897501 0.3241688399 2600 2
0.5168859008 0.7718128519 0.3703159289 400 3
0.1874730336 -0.4242110761 0.8859451589 2600 4
-0.4973539926 -0.7047099896 -0.5059869925 1000 1
-0.2419239079 -0.4985248101 0.8324336829 0 2
-0.4268390446 -0.08276700864 0.900532094 2600 3
0.8720317769 -0.4831598764 -0.07821197999 400 4
0.5199938285 0.1084939642 -0.8472517206 1000 1
-0.2837580145 0.7075450362 0.6471950331 2600 2
-0.6899979901 0.6510459907 -0.3162939955 1000 3
0.792252145 -0.4440570813 -0.4185090766 2600 4
-0.4053769209 -0.1418449723 0.9030778238 400 1
-0.8108390538 0.4422630293 -0.3833320254 2600 2
0.1341709879 0.5797329477 0.8036839275 1000 3
0.7593319979 0.6502799982 0.02346999994 2600 4
0.2845130236 0.6893430571 -0.6662270552 400 1
0.8364239525 0.5343089696 -0.1221019931 1000 2
0.3504048667 -0.8481446774 0.3973248489 2600 3
0.8908955219 -0.1252639328 -0.4365937657 0 4
-0.5645139612 0.08852299392 -0.8206629437 2600 1
-0.3000650558 -0.3047240566 0.903938168 1000 2
0.04628703005 -0.836367543 -0.5462113546 400 3
-0.7840159434 0.6206899552 -0.007935999427 2600 4
-0.2158150523 0.2525810612 0.9432002284 1000 1
0.2792111294 -0.3045961412 -0.9106384222 2600 2
-0.479425058 -0.8527961031 0.207100025 400 3
-0.5490532221 -0.8024373246 0.2337410946 2600 4
0.3087580419 -0.6687200907 -0.6763740917 1000 1
0.0108539972 0.8126077907 -0.5827098499 2600 2
-0.9016082122 0.2777970654 0.331559078 400 3
-0.02189400202 0.8583990791 -0.5125150472 1000 4
0.7996790343 0.23198201 0.5538030238 2600 1
-0.6431528036 0.1631759502 -0.7481497715 0 2
0.9641259078 0.2605339751 -0.05082599514 2600 3
0.606102128 0.7538411592 0.2537000536 1000 4
-0.9210708382 -0.3212659436 0.2200379614 400 1
0.1005060241 -0.9164362202 -0.3873540931 2600 2
0.9643639474 0.09854099462 0.2455439866 1000 3
-0.6819702693 -0.6092212406 -0.4046801598 2600 4
0.362936032 0.08082500712 0.9283020817 400 1
-0.773858058 0.08284100621 0.627918047 2600 2
0.03562401932 0.9634695226 -0.265438144 1000 3
0.6515352693 -0.5963312465 0.4689251938 2600 4
-0.7560661904 -0.5656101424 -0.3293160829 400 1
0.7344673419 -0.4350872025 0.5208232424 1000 2
0.1659079916 0.1048259947 0.9805539502 2600 3
0.6237279789 0.5347519819 -0.5700909807 1000 4
-0.5878187572 -0.578720761 0.5652887665 2600 1
0.4425641104 -0.8613102148 0.2495630622 400 2
0.4719709594 -0.8787769244 -0.07067199392 2600 3
-0.6601003255 0.2856801409 0.6947333426 1000 4
-0.214983083 -0.963023372 -0.1623830627 0 1
0.849568987 0.2712669958 -0.4523789931 2600 2
0.5174870031 -0.171425001 -0.838344005 400 3
-0.3850972513 0.3009691964 -0.8724205694 1000 4
-0.9129509865 0.407003994 0.02946599956 2600 1
-0.07793900138 0.4331080077 0.8979660159 2600 2
0.05519001294 0.3116000731 0.9486092225 400 3
-0.9346210685 -0.2833030208 0.2149950158 1000 4
0.5853829342 0.2445709725 -0.7729889131 2600 1
0.924958661 -0.2900418937 -0.24561591 1000 2
-0.2395339356 -0.8112977817 0.5333098565 2600 3
0.3645439759 -0.7611839496 0.5363829645 400 4
0.3794311609 -0.231022098 0.89591338 2600 1
0.166568074 0.9704164312 0.1747770777 1000 2
0.9588262083 -0.2143260466 0.1863240405 0 3
-0.3114400588 -0.8923781686 -0.3265980617 2600 4
0.2627831147 0.7097473099 0.6536082854 400 1
0.003432998925 -0.06288798031 -0.9980146875 1000 2
-0.6720220334 0.643588032 0.3663070182 2600 3
0.1990570375 0.9686511825 -0.148631028 2600 4
-0.9133808444 0.4061839308 -0.02738699533 1000 1
-0.567643036 -0.4332550275 0.7000510444 400 2
-0.9886168389 0.1029329832 -0.1097339821 2600 3
0.7047416134 0.05543996959 0.707294612 1000 4
0.6214667579 -0.2031449209 -0.7566447052 2600 1
0.8628113334 -0.4346151679 0.2581980998 400 2
-0.7078208971 -0.5478329204 -0.4459469352 1000 3
0.7401659975 -0.1662669994 0.6515439978 2600 4
0.7195459673 0.462992979 -0.5175819765 0 1
0.6434039418 0.2822279745 0.7116029357 2600 2
-0.4884030912 0.7476691396 0.449948084 400 3
0.3116079183 -0.949342751 0.04060598935 1000 4
0.1223309359 0.7338986157 0.6681526502 2600 1
-0.4828968023 -0.8492416523 0.2135399126 1000 2
0.2787870731 0.5231481371 -0.8053532111 2600 3
0.9132553524 0.2401860927 0.329052127 400 4
0.7689221434 0.6099091138 -0.1917540358 2600 1
0.3223280656 0.4105690835 0.8529581735 1000 2
-0.3120310623 0.6130051223 -0.7258521448 2600 3
-0.1445920432 -0.9804572929 0.1334040399 400 4
-0.1144349496 0.978817569 0.1697669252 2600 3
0.002036999286 0.5357618123 -0.8443667042 400 2
0.2404090595 -0.9446862339 0.2230950552 2600 4
-0.7264666353 -0.2596508697 0.6362606806 1000 1
-0.6666693457 0.6291833262 0.3996002072 1000 2
-0.9215927267 -0.3433968982 -0.1809569463 2600 1
0.1958849104 -0.8503716111 -0.4883617767 0 3
-0.1280530678 -0.5113152709 0.8497994502 1000 4
0.9556676248 -0.08522896653 -0.2818428893 2600 1
0.8650379567 0.08427899578 -0.4945769752 400 2
0.4553840589 -0.5656470732 -0.687509089 2600 3
0.5261671566 -0.6551481949 0.5421521613 1000 4
-0.2083149282 -0.1521069476 0.9661616672 2600 1
-0.5520249653 0.4425629722 -0.7066869556 400 2
-0.3050570253 -0.4454140369 -0.8417520698 2600 3
-0.1958599285 0.857923687 0.4749798267 1000 4
